x1 = -1.0	x2 = -0.6666666666666666
x1 = -3.0700274723201293	x2 = 0.5700274723201295
Действительных корней нет!
x1 = -3.732050807568877	x2 = -0.2679491924311228
